# Input file for TauP created by AxiSEM model on 20/03/2023, at 20h 32min
NAME         TAYAK
    0.00   3.800   1.850   2.304
   10.00   3.800   1.850   2.304
   10.00   4.500   2.800   2.570
   24.00   4.500   2.800   2.570
   24.00   6.224   3.753   2.863
   48.00   6.224   3.753   2.863
   48.00   7.401   4.246   3.389
   80.00   7.401   4.246   3.389
   80.00   7.414   4.247   3.393
  130.00   7.524   4.201   3.422
  180.00   7.616   4.219   3.445
  230.00   7.680   4.229   3.464
  280.00   7.733   4.236   3.480
  330.00   7.784   4.243   3.496
  380.00   7.829   4.249   3.511
  430.00   7.871   4.253   3.526
  480.00   7.910   4.257   3.540
  530.00   7.964   4.276   3.556
  580.00   8.018   4.294   3.573
  630.00   8.069   4.313   3.590
  680.00   8.118   4.330   3.606
  730.00   8.169   4.348   3.622
  780.00   8.218   4.366   3.638
  830.00   8.268   4.385   3.654
  880.00   8.350   4.432   3.674
  930.00   8.400   4.451   3.692
  980.00   8.452   4.469   3.712
 1030.00   8.580   4.534   3.753
 1080.00   8.954   4.760   3.856
 1130.00   9.041   4.804   3.883
 1180.00   9.084   4.820   3.899
 1230.00   9.130   4.838   3.915
 1280.00   9.232   4.891   3.941
 1330.00   9.349   4.953   3.972
 1380.00   9.460   5.015   4.003
 1430.00   9.501   5.034   4.017
 1480.00   9.538   5.051   4.030
 1530.00   9.574   5.067   4.044
 1580.00   9.612   5.085   4.057
 1596.98   9.638   5.102   4.067
 1596.98   4.987   0.000   5.855
 1646.98   5.019   0.000   5.889
 1696.98   5.051   0.000   5.922
 1746.98   5.082   0.000   5.955
 1796.98   5.114   0.000   5.988
 1846.98   5.146   0.000   6.022
 1896.98   5.173   0.000   6.050
 1946.98   5.199   0.000   6.078
 1996.98   5.226   0.000   6.105
 2046.98   5.252   0.000   6.133
 2096.98   5.278   0.000   6.160
 2146.98   5.301   0.000   6.184
 2196.98   5.322   0.000   6.206
 2246.98   5.343   0.000   6.228
 2296.98   5.364   0.000   6.250
 2346.98   5.385   0.000   6.273
 2396.98   5.403   0.000   6.292
 2446.98   5.419   0.000   6.309
 2496.98   5.436   0.000   6.326
 2546.98   5.452   0.000   6.343
 2596.98   5.468   0.000   6.360
 2646.98   5.482   0.000   6.374
 2696.98   5.493   0.000   6.386
 2746.98   5.505   0.000   6.399
 2796.98   5.516   0.000   6.411
 2846.98   5.528   0.000   6.423
 2896.98   5.537   0.000   6.433
 2946.98   5.544   0.000   6.440
 2996.98   5.551   0.000   6.447
 3046.98   5.558   0.000   6.455
 3096.98   5.564   0.000   6.462
 3146.98   5.569   0.000   6.467
 3389.50   5.569   0.000   6.467
